Home Team Player IDs: [
  670766,
  623437,
  661395,
  686973,
  680573,
  660896,
  650489,
  666397,
  681508,
  680777,
  664056,
  664034,
  680577,
  663485,
  643377,
  621043,
  641154,
  669304,
  641927,
  663978,
  663616,
  621439,
  543056,
  657746,
  543877,
  670242
]

Away Team Player IDs: [
  664285,
  670623,
  650556,
  605170,
  606160,
  701358,
  663898,
  669713,
  686613,
  643289,
  669854,
  623352,
  676694,
  595345,
  514888,
  664351,
  687473,
  665161,
  701305,
  687911,
  605463,
  572233,
  681293,
  676801,
  673237,
  670541
]
